 7  0  0 37
 7  0  0 26
 6  0  0  8
 3  0  0  6
 4  0  0  2
 3  0  0 25
 1  1  0  1
12  1  1  2
 4  0  1  6
 3  0  0  6
17  0  0  1
 1  0  0  0
 8  0  0 15
 1  1  0  1
 4  1  1  5
 3  1  0  6
21  1  1  2
 1  1  0  0
 8  0  0 20
 5  0  1  0
 3  2  0  5
 3  3  1  2
13  3  3  4
 4  2  1  5
 2  0  0  0
 6  0  0  8
 9  0  0  2
 4  1  0  6
 3  1  0  6
20  1  1  2
 1  1  0  0
 8  0  0 36
 1  2  0  1
 4  2  0  7
 3  2  0  7
 9  0  0  1
 3  3  0  6
20  3  3  4
 1  3  0 12
 8  0  0 56
 3  4  0  6
 4  4  0  7
 3  4  0  7
21  4  4  5
 1  4  0  0
 8  0  0 56
 5  0  0  0
 3  5  0 25
 9  0  0  1
 3  6  0  7
 1  7  0  1
12  7  7  8
 4  6  0  7
 3  6  0  7
 4  6  0  6
 7  0  0 42
 2  0  0  0
